       1.01e-13    3.55508e-15    1.10748e-20    1.71662e+06    3.71787e-05
       2.01e-13    3.55513e-15   -3.97175e-20    1.71665e+06    4.55926e-05
       3.01e-13    3.55515e-15   -6.15692e-20    1.71666e+06    6.02874e-05
       4.01e-13    3.55505e-15      4.681e-20    1.71661e+06     7.6563e-05
       5.01e-13    3.55514e-15   -5.04057e-20    1.71665e+06    9.34733e-05
       6.01e-13    3.55506e-15    3.21567e-20    1.71661e+06    0.000110701
       7.01e-13    3.55515e-15   -6.12049e-20    1.71666e+06    0.000128111
       8.01e-13    3.55515e-15   -5.75192e-20    1.71666e+06    0.000145634
       9.01e-13    3.55515e-15   -5.70524e-20    1.71666e+06    0.000163233
      1.001e-12    3.55515e-15   -5.88389e-20    1.71666e+06    0.000180885
      1.101e-12    3.55515e-15   -5.73529e-20    1.71666e+06    0.000198576
      1.201e-12    3.55515e-15   -5.61348e-20    1.71666e+06    0.000216295
      1.301e-12    3.55513e-15   -3.79308e-20    1.71665e+06    0.000234037
      1.401e-12    3.55515e-15   -5.92707e-20    1.71666e+06    0.000251796
      1.501e-12    3.55515e-15   -5.88502e-20    1.71666e+06    0.000269569
      1.601e-12    3.55515e-15   -5.91863e-20    1.71666e+06    0.000287354
      1.701e-12    3.55516e-15   -6.22407e-20    1.71666e+06    0.000305148
      1.801e-12    3.55516e-15   -6.29775e-20    1.71666e+06     0.00032295
      1.901e-12    3.55516e-15    -6.6859e-20    1.71666e+06    0.000340758
      2.001e-12    3.55516e-15    -6.8878e-20    1.71666e+06    0.000358572
      2.101e-12    3.55516e-15   -6.72429e-20    1.71666e+06    0.000376391
      2.201e-12    3.55516e-15   -6.72023e-20    1.71666e+06    0.000394214
      2.301e-12    3.55516e-15   -6.47669e-20    1.71666e+06    0.000412041
      2.401e-12    3.55515e-15   -6.09342e-20    1.71666e+06    0.000429871
      2.501e-12    3.55516e-15   -6.73351e-20    1.71666e+06    0.000447703
      2.601e-12    3.55516e-15    -7.0124e-20    1.71666e+06    0.000465538
      2.701e-12    3.55516e-15   -6.26727e-20    1.71666e+06    0.000483375
      2.801e-12    3.55516e-15   -6.46845e-20    1.71666e+06    0.000501214
      2.901e-12    3.55516e-15   -6.89669e-20    1.71666e+06    0.000519055
      3.001e-12    3.55516e-15   -6.28174e-20    1.71666e+06    0.000536898
      3.101e-12    3.55516e-15   -6.81223e-20    1.71666e+06    0.000554741
      3.201e-12    3.55516e-15   -6.73567e-20    1.71666e+06    0.000572587
      3.301e-12    3.55516e-15   -6.37908e-20    1.71666e+06    0.000590433
      3.401e-12    3.55516e-15   -6.69925e-20    1.71666e+06     0.00060828
      3.501e-12    3.55516e-15   -6.54835e-20    1.71666e+06    0.000626129
      3.601e-12    3.55516e-15   -6.25092e-20    1.71666e+06    0.000643978
      3.701e-12    3.55516e-15   -6.26568e-20    1.71666e+06    0.000661828
      3.801e-12    3.55516e-15   -6.36283e-20    1.71666e+06    0.000679679
      3.901e-12    3.55515e-15   -6.03232e-20    1.71666e+06     0.00069753
      4.001e-12    3.55515e-15   -6.08792e-20    1.71666e+06    0.000715382
      4.101e-12    3.55515e-15   -6.11588e-20    1.71666e+06    0.000733235
      4.201e-12    3.55515e-15    -5.9402e-20    1.71666e+06    0.000751088
      4.301e-12    3.55515e-15   -6.00827e-20    1.71666e+06    0.000768942
      4.401e-12    3.55515e-15   -6.08615e-20    1.71666e+06    0.000786797
      4.501e-12    3.55515e-15   -6.01961e-20    1.71666e+06    0.000804651
      4.601e-12    3.55515e-15   -5.68657e-20    1.71666e+06    0.000822506
      4.701e-12    3.55515e-15   -5.41697e-20    1.71666e+06    0.000840362
      4.801e-12    3.55515e-15   -5.62119e-20    1.71666e+06    0.000858218
      4.901e-12    3.55515e-15   -5.66684e-20    1.71666e+06    0.000876074
      5.001e-12    3.55515e-15   -5.76392e-20    1.71666e+06    0.000893931
      5.101e-12    3.55515e-15   -5.81154e-20    1.71666e+06    0.000911788
      5.201e-12    3.55515e-15   -5.82386e-20    1.71666e+06    0.000929645
      5.301e-12    3.55515e-15   -5.91178e-20    1.71666e+06    0.000947502
      5.401e-12    3.55515e-15   -5.89809e-20    1.71666e+06     0.00096536
      5.501e-12    3.55515e-15   -5.88622e-20    1.71666e+06    0.000983218
      5.601e-12    3.55515e-15   -5.91963e-20    1.71666e+06     0.00100108
      5.701e-12    3.55515e-15    -6.0177e-20    1.71666e+06     0.00101893
      5.801e-12    3.55516e-15   -6.39948e-20    1.71666e+06     0.00103679
      5.901e-12    3.55516e-15   -6.66937e-20    1.71666e+06     0.00105465
      6.001e-12    3.55516e-15   -6.60093e-20    1.71666e+06     0.00107251
      6.101e-12    3.55516e-15   -6.70985e-20    1.71666e+06     0.00109037
      6.201e-12    3.55516e-15   -6.84399e-20    1.71666e+06     0.00110823
      6.301e-12    3.55516e-15   -6.28952e-20    1.71666e+06     0.00112609
      6.401e-12    3.55516e-15   -6.37984e-20    1.71666e+06     0.00114395
      6.501e-12    3.55516e-15   -6.69828e-20    1.71666e+06     0.00116181
      6.601e-12    3.55516e-15   -6.51744e-20    1.71666e+06     0.00117967
      6.701e-12    3.55515e-15   -6.06269e-20    1.71666e+06     0.00119753
      6.801e-12    3.55515e-15   -5.94533e-20    1.71666e+06     0.00121539
      6.901e-12    3.55515e-15   -6.00953e-20    1.71666e+06     0.00123325
      7.001e-12    3.55516e-15   -6.27796e-20    1.71666e+06     0.00125111
      7.101e-12    3.55516e-15   -6.32391e-20    1.71666e+06     0.00126897
      7.201e-12    3.55515e-15   -5.82642e-20    1.71666e+06     0.00128683
