         1   78969.9   47263.5     114.449  0.00414285
        11   25871.8   57.3683     37.4953   0.0205311
        21     20728   5251.99     30.0406   0.0286073
        31   21777.8   4164.54      31.562   0.0303431
        41   24878.5   1075.84     36.0558   0.0310801
        51   16204.6   9812.25     23.4849   0.0328348
        61     26110   65.6442     37.8405   0.0327678
        71   16640.1   9373.97      24.116   0.0341203
        81   24588.4   1374.79     35.6353   0.0343605
        91   19917.2   6057.56     28.8655   0.0355683
       101   21780.2   4190.56     31.5655   0.0363264
       111   6946.35   850.312     10.0672   0.0345113
       121   7765.85    39.541     11.2549   0.0324818
       131   6606.49   1030.75     9.57462   0.0307472
       141   6934.66   701.263     10.0502   0.0295653
       151   6866.16   770.397     9.95095   0.0286131
       161   6882.46   753.774     9.97458   0.0278518
       171   6715.46   920.659     9.73255   0.0272392
       181   6896.78   739.204     9.99534   0.0267098
       191   7372.65   870.881      10.685   0.0266272
       201    6630.7   1004.97     9.60971   0.0259858
       211   4125.02   335.812     5.97829   0.0253486
       221   4429.81   31.3378     6.42002   0.0247118
       231    4327.1   314.929     6.27116   0.0244574
       241   3997.17   462.886     5.79301   0.0235876
       251   3870.93   589.947     5.61004   0.0229904
       261   4058.01   488.651     5.88117   0.0226785
       271   4257.45   202.936     6.17021   0.0216869
       281    4408.7    52.499     6.38943   0.0210493
       291   4554.98  -93.3309     6.60142   0.0204643
       301   4605.22  -143.491     6.67423   0.0199607
       311   3555.62  -241.693     5.15307    0.019484
       321    3633.2  -319.236     5.26551    0.019039
       331   3634.73  -320.906     5.26773   0.0186301
       341   3674.77  -281.014     5.32576   0.0190283
       351   3626.72  -313.026     5.25611   0.0179036
       361   3562.96  -249.088     5.16371   0.0175813
       371   3609.05  -295.505      5.2305   0.0172792
       381    3953.3  -86.0076     5.72943   0.0179138
       391   3503.52  -190.393     5.07756   0.0167216
       401   3540.59  -227.927     5.13129   0.0164451
       411   3807.01  -189.745     5.51741   0.0171559
       421   3635.31   -405.93     5.26856   0.0159266
       431   3551.35  -323.469     5.14688   0.0156936
       441   4210.67  -129.194     6.10241   0.0164942
       451   4211.44  -213.774     6.10353   0.0163174
       461   3655.64  -430.792     5.29802   0.0150109
       471    3638.2  -413.979     5.27276   0.0148059
       481   3564.94  -340.009     5.16657   0.0146282
       491   3592.34  -365.633     5.20629   0.0144778
       501   3641.11  -411.765     5.27697   0.0143544
       511    3566.7  -228.205     5.16913   0.0155699
       521    3536.6  -476.729     5.11809    0.482903
       531   3525.87  -440.233     5.11738   0.0153221
       541   3461.32  -387.576      5.0019    0.902396
       551   3424.29  -371.517     4.96274    0.641291
       561   3431.64  -394.591     4.97339      0.8231
       571   3432.62  -413.318     4.98204    0.208092
       581   3553.72  -457.104     5.12064     1.68542
       591   3604.97  -551.251      5.2246    0.783817
       601   3618.27  -555.305     5.24386    0.951627
       611   3401.96  -474.399     4.90196      1.6058
       621   3377.72  -447.007     4.86004     1.99147
       631   3705.55  -556.842     5.39381   0.0149098
       641    3339.7  -450.668     4.84015     1.09362
       651    3357.4  -446.443     4.82385     2.25907
       661   3415.06  -510.708     4.90669     2.22481
       671   3439.09  -534.374     4.94123     2.19155
       681   3432.34  -540.234     4.93863     1.81773
       691   3423.74  -530.435     4.91917     2.16364
       701   3379.69  -504.814      4.8981     1.55849
       711   3463.03  -511.131     5.01889     1.53664
       721   3427.46  -467.521     4.96733     1.51524
       731   3367.82  -394.166      4.8809     1.49428
       741   3371.54  -405.689     4.88628     1.83188
       751   3420.28  -439.588     4.95693     1.98028
       761   3454.47  -480.916     5.00648     1.95366
       771   3475.59  -513.294     5.03709     1.92775
       781   3465.05  -513.838     5.02181      1.9026
       791   3408.13  -425.552     4.91085     1.28076
       801   3393.74  -414.044     4.89718    0.943009
       811      3434  -369.021     4.94812     1.23303
       821   3317.06  -318.303     4.80734       2.111
       831   3348.44  -350.634     4.85282     2.08638
       841   3479.47  -401.447     5.01364     1.19134
       851   3396.93   -387.81     4.92308     2.03917
       861   3414.74  -397.347      4.9489     2.01655
       871   3416.08  -395.316     4.95083      1.8451
       881   3384.33  -364.454     4.90483     1.82524
       891   3403.49  -387.467      4.9326     1.80581
       901   3468.74  -453.262     5.02715     1.78669
       911   3483.57  -470.527     5.04865     1.76776
       921   3457.78  -431.429     5.01128      1.9763
       931   3560.59    -443.5     5.17527    0.249599
       941   3247.36  -186.627     4.66574     1.56037
       951   3222.87  -201.554     4.67082     2.30769
       961   3679.45  -469.674     5.34803    0.242929
       971   3105.88  -75.1901     4.50127     2.52782
       981   3151.61  -114.777     4.56755     2.50176
       991   3167.33  -132.687     4.59033     2.47617
      1001   3149.06  -124.909     4.57049     2.34114
      1011    3429.8  -77.3372     4.97794     2.40676
      1021   3382.02  -10.6919     4.90148     2.63298
      1031   3251.51  -52.1369     4.73291     1.10138
      1041   3397.49  -46.2288      4.9239      2.7073
      1051   3272.65  -103.121     4.75675      1.1789
      1061   3364.28   -23.957     4.87577     2.65634
      1071   3401.06  -46.7681     4.92907     2.63166
      1081   3279.24  -110.134     4.76634     1.07685
      1091   3399.69  -55.2677     4.92708     2.56114
      1101   3241.39  -107.229     4.73195     1.03538
      1111    3360.5  -22.9192     4.89868     1.21395
      1121    3312.6    33.929     4.83591     1.08711
      1131   3309.49  -11.0616     4.84552    0.987088
      1141   3347.01   36.0382     4.81584     1.29095
      1151   3285.34    20.303     4.80313     1.00063
      1161   3466.24   -45.962     5.00902    0.405366
      1171    3298.4   -30.717     4.83636    0.959661
      1181   3207.22   54.1964     4.70266    0.951484
      1191   3230.26   32.4071     4.73646    0.943567
      1201   3273.36   31.1938     4.79263     1.02264
      1211   3564.56   -140.48     5.15109     0.36746
      1221   3423.41   54.9039     4.99768     1.10836
      1231   3500.91  -27.9425     5.11828     1.10159
      1241   3555.69  -80.1311     5.19838     1.09342
      1251   3476.26  -45.4929     5.08225      1.1735
      1261    3427.4  -8.23598     5.00351      1.1883
      1271   3393.49   21.1302     4.95399     1.21721
      1281   3335.11   71.4059     4.86168     1.23647
      1291   3351.51   39.4031     4.88559     1.22735
      1301   3341.17   15.0538     4.88475     1.10475
      1311   3415.74   27.7149     4.98648      1.2011
      1321    3423.5   19.0216     5.00512     1.16173
      1331   3427.16    6.0503     5.02515     1.02487
      1341   3431.44   -8.2426     5.04623    0.860737
      1351   3463.21  -29.5059     5.09295    0.878055
      1361   3423.51   14.7637     5.01981    0.952535
      1371   3590.45  -58.0925     5.19602     2.74344
      1381   3864.49  -68.1682     5.59261    0.327275
      1391   3313.11   96.9684     4.84372     1.11402
      1401   3350.78   50.7359     4.89881     1.13091
      1411   3580.13  -106.955     5.24177     1.04761
      1421   3496.75  -115.914     5.06775    0.276394
      1431   3594.04  -105.076     5.25445     1.05037
      1441   3581.05  -72.0665     5.21259     1.22111
      1451   3553.18  -54.9836     5.17203      1.1382
      1461   3496.67  -5.10477     5.09719     1.05068
      1471   3422.39   62.0776     4.99618     1.04508
      1481    3448.3   44.3369     5.03402      1.0381
      1491   3525.02  -18.7357     5.14601     1.03127
      1501   3559.05  -42.8502     5.18811     1.09292
      1511   3472.43  -80.4005     5.06185     1.10535
      1521   3513.79  -137.484     5.12963     1.05937
      1531   3547.97  -182.287     5.18709    0.974889
      1541      3542  -206.087     5.20117    0.834978
      1551    3522.4  -193.526     5.16482     0.85465
      1561   3399.75  -17.0221     4.89172     1.29143
      1571   3650.94  -116.558     5.29889    0.265688
      1581    3511.1  -158.918      5.1407    0.906834
      1591   3517.72  -155.955     5.07607     1.11041
      1601   3557.88  -205.199     5.20158    0.893759
      1611   3407.75  -181.722     4.98209     0.88866
      1621      3416  -185.804     4.99414    0.883625
      1631   3360.57  -133.568     4.92031    0.809467
      1641    3382.2  -146.188     4.95197    0.804854
      1651   3387.94  -152.069     4.97494    0.858181
      1661   3422.46  -148.812     5.02564    0.853224
      1671   3483.68  -94.2544     5.11554    0.848344
      1681   3478.65  -65.6039     5.11566    0.862094
      1691   3529.82  -120.868     5.19091     0.85739
      1701   3632.02  -222.553      5.3412    0.852814
      1711   3448.19  -260.559     5.07087    0.848328
      1721   3436.14  -226.205     5.05315    0.829731
      1731   3473.53  -228.098     5.10813    0.758897
      1741   3560.63  -288.757     5.23622    0.755103
      1751   3625.63  -306.137     5.33181    0.751352
      1761   3700.92  -297.937     5.43454    0.817804
      1771   3808.19  -369.703     5.58386     0.83993
      1781   3829.62  -381.208     5.61528    0.858596
      1791   3570.07   -415.18     5.20418    0.214467
      1801   3488.58  -245.911     5.09281    0.196882
      1811   3450.56  -318.488     4.97916     2.54781
      1821   3437.98  -337.597     5.01163    0.955205
      1831   3486.67  -355.495     5.03854     2.44916
      1841   3394.46   -249.64     4.93381     1.03975
      1851   3526.61  -406.729     5.10363     2.29813
      1861   3385.53   -231.24     4.92083    0.979169
      1871   3359.07  -398.289     4.81242     1.87266
      1881   3876.83  -80.6817     5.64313    0.991711
      1891   4130.73  -169.386     5.99525     1.06369
      1901    3256.1  -473.825     4.78135    0.227565
      1911   3364.23  -496.874     4.93288    0.251748
      1921   3756.68  -335.418     5.46029     1.01768
      1931   3775.09  -349.219     5.48705     1.01284
      1941   3559.26  -381.633     5.22652    0.248947
      1951   3203.61  -417.804     4.71119    0.247847
      1961   4117.74   -376.83      5.9764     1.01651
      1971   4008.42  -330.967     5.82619     1.01357
      1981   3981.87   -471.52     5.84709    0.260998
      1991   3755.98   -543.71      5.5073    0.274325
      2001   3325.34  -527.928     4.88302    0.272544
      2011   3355.33  -464.248     4.92706    0.257157
      2021   3326.23  -417.416     4.87717    0.269513
      2031    3839.3   -387.31      5.5885    0.930133
      2041   3305.67  -391.187     4.86128    0.253368
      2051   3347.32  -433.891     4.92253    0.252246
      2061   3311.21  -393.494     4.86942    0.251139
      2071   3286.64  -362.451     4.83329    0.250046
      2081   3263.35  -353.527     4.80611    0.214181
      2091   3278.68  -377.743     4.82869    0.213197
      2101   3274.29  -383.693     4.82933    0.199057
      2111    3368.1    -360.3      4.9677    0.198149
      2121   3322.19  -362.381     4.90722     0.19743
      2131   3358.03  -396.645     4.95285    0.226896
      2141   3345.16  -387.419     4.93387    0.225836
      2151   3294.31  -343.225     4.85887    0.224788
      2161   3263.44  -319.206     4.81334    0.223754
      2171   3244.69  -309.498     4.78567    0.222734
      2181   3232.29  -306.059     4.76738     0.22172
      2191   3245.48  -325.087     4.78684    0.220709
      2201   3187.46  -97.0191     4.57969     1.72302
      2211   3380.41  -312.334     4.97851    0.232624
      2221   3333.17  -269.974     4.90894    0.231539
      2231   3333.07  -270.512      4.9088    0.230479
      2241   3379.27  -314.594     4.97683    0.229441
      2251   3367.27  -314.217     4.96647    0.228764
      2261   3304.92   -250.79     4.87451    0.227783
      2271   3248.39  -194.032     4.79114    0.226843
      2281    3265.8  -211.745     4.81682    0.225946
      2291   3241.45  -185.491      4.7809    0.225081
      2301   3222.74  -165.531     4.76033    0.224573
      2311   3514.18  -180.475     5.03465     1.86264
      2321   3504.12  -178.974     5.02023      1.8551
      2331   3419.72  -98.6538     4.89931     1.84763
      2341   3370.42   -147.31     4.86352     2.22395
      2351   3366.64   -196.06     4.97287    0.234625
      2361   3379.15  -197.055     4.99136     0.24748
      2371    3515.7  -289.092     5.08048     2.19864
      2381   3496.65  -267.628     5.05296     2.30015
      2391   3391.72  -164.017     4.90133     2.29021
      2401   3582.51  -264.793     5.13253       1.904
      2411   3379.79   40.2588     4.89116     2.25839
      2421      3413   8.10065     4.93922     2.24889
      2431   3487.64  -70.5833     5.03994     2.33246
      2441   3543.31  -132.492     5.13523     2.17262
      2451   3392.46   -149.48     5.01843    0.211829
      2461   3559.66   -152.43     5.16641     2.11445
      2471   3538.74  -132.485     5.13605     2.10587
      2481   3456.12  -215.055      5.1126    0.209451
      2491   3513.68   -265.85     5.03392     1.84996
      2501   3625.42  -223.076     5.25423     2.17508
      2511   3407.49   -168.14     4.93839     2.16622
      2521   3376.09  -134.185     4.89288     2.15742
      2531   3352.37  -121.632     4.86556     2.09747
      2541   3360.72  -132.905     4.87768     2.08909
      2551   3849.44  -173.574      5.4992     1.22796
      2561   3339.39  -119.387     4.84671     2.07253
      2571   3382.01  -163.674     4.90858     2.06435
      2581   3423.42  -210.784     4.97589      2.0592
      2591   3472.53   -257.62     5.05463     2.05405
      2601   3506.76  -288.685     5.10445     2.04594
      2611   3529.95  -306.647        5.05     1.85973
      2621   3412.83  -257.467     4.98224     1.99581
      2631   3404.28  -249.829     4.96975     1.98804
      2641   3383.33  -228.636     4.93196     2.01829
      2651   4045.99  -124.576     5.78826     1.26702
      2661   3374.81  -200.889     4.99232     0.23289
      2671   3426.95  -264.458     4.98828     2.08183
      2681   3354.63  -182.205     4.96247    0.231241
      2691   3403.46  -241.252     4.95409     2.06633
      2701   3572.52  -352.107     5.11822     1.71468
      2711   3488.01  -351.103     5.16742    0.229164
      2721   3564.39  -402.366     5.28058    0.228363
      2731   3159.32  -80.0745     4.51977     1.20018
      2741   3341.78   -271.83     4.78081     1.19578
      2751   3354.36  -197.242     4.96943    0.225713
      2761   3302.76  -148.777     4.89298    0.224794
      2771   3243.54  -86.9681     4.80524     0.22387
      2781   3257.05  -90.4264     4.82526    0.222936
      2791   3338.96  -165.159     4.94661    0.221994
      2801   3393.94  -221.637     5.02805    0.221051
      2811   3432.76  -275.298     5.08558    0.220114
      2821   3397.98  -246.474     5.03404    0.219182
      2831   3409.12  -270.903     5.05054     0.21826
      2841   3619.48  -228.016     5.16331       1.893
      2851   3425.36  -278.714     5.05962     0.24716
      2861   3399.95  -242.296     5.01467    0.256073
      2871   3467.39  -284.852     5.10661    0.267564
      2881   3627.89  -228.829     5.16794     1.94507
      2891   3479.61  -297.732     5.13216    0.256925
      2901   3468.17  -278.977     5.11529    0.256133
      2911    3547.8  -302.973     5.05385     1.92539
      2921   3520.39   -291.56     5.02196      1.9215
      2931   3465.54  -256.646     4.95077     1.82732
      2941   3384.84  -185.061     4.83548     1.82122
      2951    3389.3  -431.522     4.97694     1.83795
      2961   3326.57  -126.842     4.75224     1.80908
      2971   3442.99  -242.143     4.91856     1.80301
      2981   3507.59  -290.557      5.0037     1.87325
      2991   3511.07  -288.746     5.00152      1.9555
      3001   3508.23  -286.433     4.99747     1.94918
      3011   3529.95  -292.661     5.02842     1.94294
      3021   3566.31  -315.531     5.08021     1.93682
      3031    3585.2   -327.02     5.10713      1.9308
      3041   3535.51  -270.837     5.03634     1.92483
      3051   3465.09  -200.768     4.94307     1.83674
      3061   3489.12  -224.843     4.97735     1.83109
      3071   3330.59  -538.385     4.91237     1.65339
      3081   3320.44  -535.776     4.89019     1.68342
      3091   3299.75   -516.32     4.85971     1.67819
      3101   3257.68  -245.374      4.8262    0.242634
      3111   3505.81  -305.004     5.03708     1.56337
      3121   3477.33  -267.005     4.98899     1.63451
      3131   3438.61  -224.377     4.92638     1.71198
      3141   3468.21  -240.066     4.96878     1.70675
      3151   3537.67  -279.291     5.06104     1.78178
      3161   3533.71  -305.674     5.06261     1.77891
      3171    3492.2  -274.127     5.00316      1.7734
      3181   3389.58  -196.239     4.87009     1.62318
      3191   3385.26  -187.395     4.86388     1.61811
      3201   3436.85  -220.891       4.938     1.60443
      3211   3514.17  -238.136     5.04185     1.67261
      3221    3265.1  -420.676     4.83003     1.71233
      3231   3255.58  -420.171     4.81594     1.70684
      3241   3372.52   -106.15     4.83169      1.7263
      3251   3297.33   -465.48     4.89218     1.59388
      3261    3354.6  -99.2279     4.80602     1.71592
      3271   3241.33  -362.851     4.82341     1.54798
      3281   3381.77  -147.183     4.84494     1.70568
      3291   3202.17  -326.737     4.76513     1.53802
      3301   3287.45  -423.733     4.89933     1.49305
      3311   3410.16  -477.728      5.0974     1.40895
      3321   3382.95  -447.908     5.05672      1.4046
      3331   3297.49  -379.829     4.94376     1.37009
      3341    3251.6  -334.528     4.87496     1.45073
      3351   3187.87   -289.15     4.78659     1.41444
      3361   3397.76  -240.335     5.01885    0.265345
      3371   3535.45  -260.887     5.04344     1.94278
      3381   3205.46  -333.883      4.8275     1.40676
      3391   3210.37  -333.491     4.83489     1.40295
      3401   3526.95  -213.893     5.03131     1.92648
      3411   3533.11  -225.773     5.04011     1.92093
      3421   3267.79  -303.912     4.91397     1.46383
      3431   3248.99  -318.815     4.90043     1.36145
      3441   3238.49  -322.787      4.8846     1.35804
      3451   3188.73  -290.608     4.80955     1.35473
      3461   3174.29  -295.557     4.77337     1.45576
      3471   3164.19  -320.999     4.76535     1.41715
      3481   3150.55  -308.139     4.74481     1.41345
      3491   3124.19  -288.998     4.70511     1.40965
      3501   3098.19  -269.646     4.66595     1.40579
      3511   3333.73  -284.681     5.02067     1.40195
      3521   3354.81  -311.315     5.05242     1.39812
      3531   3355.32  -327.624      5.0532     1.43016
      3541   3336.93  -317.658     5.02549     1.42622
      3551   3284.36  -275.602     4.95379     1.35082
      3561   3239.21  -242.453     4.87832     1.37709
      3571    3222.5  -262.342     4.86783     1.37745
      3581   3275.97  -302.643     4.94114      1.4447
      3591   3312.82  -340.608     5.01183     1.40954
      3601      3325  -350.778     5.03026     1.40571
      3611   3580.79  -149.109     5.00809     1.51536
      3621   3268.11  -307.188      4.9442     1.46748
      3631   3351.06  -357.461     5.06202     1.49392
      3641   3434.26  -426.028      5.1877     1.45569
      3651   3438.71  -428.047     5.19443     1.45177
      3661   3404.47  -384.577     5.15049     1.45008
      3671   3408.97  -344.793     5.14949     1.44788
      3681   3406.45  -302.147     5.13793     1.47854
      3691   3378.22  -246.274     5.09536     1.47484
      3701   3391.64  -240.621     5.11559     1.47115
      3711   3344.03   -244.74     5.04379     1.46744
      3721   3367.64  -220.103     5.07174     1.52891
      3731   3448.85  -277.098     5.19405      1.5542
      3741   3531.03    -336.6     5.31782     1.55034
      3751   3530.51  -320.219     5.31704     1.54645
      3761   3476.08  -260.727     5.23506     1.54251
      3771    3407.3  -191.062     5.13148     1.53851
      3781   3373.08  -151.237     5.07994     1.53446
      3791   3408.12   -169.15     5.13271     1.53037
      3801   3450.85   -185.38     5.19706     1.52623
      3811   3352.44  -203.653     5.05647     1.49023
      3821   3615.44  -231.795     5.12829     2.03857
      3831   3420.99  -214.052     5.12892     1.68366
      3841   3432.98  -211.483     5.13919     1.70683
      3851   3421.59  -210.171     5.13752     1.64256
      3861    3417.7  -210.993     5.12398     1.70539
      3871   3407.85  -206.227     5.10922     1.70114
      3881   3403.44   -201.36     5.10261     1.69709
      3891   3405.25  -207.086     5.10532     1.69319
      3901   3390.73  -210.139     5.09119     1.66295
      3911   3271.06  -167.035     4.92629     1.60167
      3921   3252.24  -149.957     4.90535     1.53403
      3931   3293.27   -183.21     4.95974     1.59639
      3941   3348.19  -234.066     5.04245     1.59284
      3951    3391.3  -269.536     5.10738     1.58931
      3961   3400.68   -263.39     5.11381     1.64698
      3971   3364.49  -220.421     5.05939     1.64324
      3981   3346.35  -177.714     5.02455     1.66265
      3991   3323.06  -153.387     4.99708      1.5939
      4001   3319.74   -186.12     5.00715      1.5323
      4011   3370.39  -255.655     5.08355     1.52885
      4021   3390.02  -299.736     5.11315     1.49411
      4031   3404.99  -310.611     5.12029     1.57717
      4041   3456.11  -352.519     5.18935     1.60932
      4051   3464.77  -317.872     5.18679     1.69109
      4061   3378.89  -210.157     5.05065     1.71654
      4071   3375.99  -184.178     5.04633     1.71265
      4081   3699.87  -128.861     5.21843     1.22209
      4091   3464.31  -252.182     5.18609     1.64247
      4101   3441.85  -233.084     5.15247     1.63891
      4111   3296.93  -176.984     4.92814     1.66197
      4121   3630.01   -329.48     5.12713     2.12029
      4131   3302.82  -182.733     4.94434     1.59878
      4141   3372.45   -257.93     5.05615     1.57048
      4151   3424.71  -311.082     5.13449      1.5578
      4161   3425.09  -306.076     5.13506     1.55434
      4171   3406.79  -280.785     5.10764     1.55081
      4181   3421.66  -293.063     5.12993     1.54719
      4191   3444.53  -301.342     5.15648     1.57015
      4201   3435.46  -283.121     5.13522     1.61902
      4211   3418.03  -289.628     5.09393     1.66309
      4221   3458.13  -329.947      5.1537     1.65924
      4231   3752.54  -302.095      5.3379     1.10916
      4241   3475.41  -351.959     5.18718     1.62314
      4251   3457.86  -307.875     5.14562     1.68284
      4261   3416.51   -249.54     5.07654     1.70207
      4271   3687.47   -210.12     5.23788     1.06591
      4281   3423.65  -199.699      5.0796     1.74303
      4291    3445.9  -196.489     5.10503      1.7619
      4301   3446.04  -141.635     5.10525     1.75847
      4311   3472.76  -102.876     5.14484     1.75667
      4321    3593.9  -193.185      5.3243      1.7535
      4331      3655  -248.561     5.40681     1.77351
      4341   3639.94    -237.3     5.38453     1.77482
      4351   3628.52  -200.023     5.35181     1.81649
      4361   3270.36  -157.846     4.71234    0.924764
      4371   4173.46  -255.021     6.11048     1.96064
      4381   3960.09  -22.2211     5.79809     1.95702
      4391   4082.67   -59.245     5.96881     1.97724
      4401   4086.35  -44.7652     5.97419     2.00482
      4411   3521.88  -134.524     5.14895      2.0007
      4421   3514.79  -113.419     5.13108     2.02265
      4431   3777.91  -177.146     5.51519     2.02688
      4441    3678.2  -94.1316     5.36963     2.02282
      4451   3730.24  -150.011     5.44561     2.01876
      4461   3709.72  -129.543     5.42357     1.99192
      4471   3741.47  -156.134     5.46999     1.98792
      4481   3713.48    -103.1     5.41324      2.0579
      4491   3816.63  -210.556      5.5555     2.07875
      4501   3741.51  -136.773     5.44615     2.07443
      4511   3372.69  -65.5502     4.90217     2.09019
      4521   3387.46  -84.4624     4.92363     2.08576
      4531   3465.98  -154.365     5.03776     2.08132
      4541   3595.26  -256.623     5.23327     2.05155
      4551      3653  -230.415     5.31732     2.04712
      4561   3721.41  -75.9481      5.4169     2.06821
      4571   3812.83  -202.206     5.53386     2.19849
      4581    3832.9  -223.004     5.55493      2.2448
      4591   3747.45  -105.241     5.42323      2.2689
      4601   3377.54  -311.484     4.91636    0.809809
      4611   3545.38  -227.313     5.13823     2.20598
      4621   3631.95  -304.565     5.26369     2.20131
      4631   3451.26   -310.96     5.09036    0.274947
      4641   3536.64  -259.313     5.11815      2.2165
      4651   3600.45  -365.529     5.21049     2.21194
      4661   3558.35  -347.477     5.14956     2.20742
      4671   3505.34  -327.053     5.09497    0.816655
      4681   3489.18   -309.97     5.07148    0.814909
      4691   3491.77  -316.962     5.07525    0.813149
      4701   3514.17   -306.25       5.093     2.22004
      4711   3492.14  -296.905     5.06107     2.21545
      4721   3499.46  -225.007     5.06435     2.23864
      4731   3533.19  -163.749     5.12056     2.18501
      4741    3263.2  -143.007     4.73614    0.798268
      4751   3319.52  -185.498      4.8109    0.818634
      4761   3371.71  -235.971     4.89363    0.812384
      4771   3463.72  -297.458     5.13143    0.241895
      4781   3618.36   -281.75     5.25161     2.16816
      4791   3547.47  -201.578     5.14126     2.21809
      4801   3391.25   -217.62     4.91485    0.827161
      4811   3537.67  -257.773     5.12706     2.23588
      4821   3622.27  -285.308     5.24966     2.23116
      4831   3661.62  -359.934     5.29902     2.24474
      4841   3395.45   -212.09     4.82308     1.79134
      4851    3431.3  -213.732      5.0092    0.774725
      4861    3468.8   -295.25     4.93428     1.73232
      4871   3518.99  -305.067     5.12972    0.796352
      4881    3517.6   -307.46      5.1277    0.794839
      4891   3387.16  -363.004     4.99581    0.258286
      4901   3452.52  -249.724      5.0182    0.817608
      4911   3403.47  -324.747     5.01247     0.26246
      4921   3538.32  -375.357     5.15039    0.810477
      4931   3418.12  -253.229      4.9538     2.17369
      4941   3518.54  -361.813      5.1216     0.80764
      4951   3503.17  -339.979     5.09923    0.806275
      4961   3511.45  -336.223     5.11129    0.811085
      4971   3488.64  -295.659      5.0707    0.818424
      4981   3342.64  -293.312     4.93743    0.250334
      4991   3650.08  -172.689     5.28232     2.16239
      5001   3530.02  -360.608     5.13085    0.839829
      5011   3451.02   -368.15     5.02332    0.818701
      5021   3468.58  -392.604     5.04888    0.817275
      5031   3542.34  -474.123     5.16377    0.795093
      5041   3527.86  -461.768     5.14266    0.793722
      5051   3497.06  -216.238     4.98157     1.62029
      5061   3479.39  -419.232     5.06462    0.805118
      5071    3555.9  -376.722     5.25244    0.254175
      5081   3511.65  -249.771     5.01664     1.56293
      5091    3545.9  -365.029     5.22993    0.263312
      5101      3522  -349.768     5.20237     0.25741
      5111   3339.82  -311.894     4.94056    0.257366
      5121   3320.56  -297.251     4.91207    0.256992
      5131   3282.54  -287.355     4.87023    0.245051
      5141   3253.14  -262.264     4.82662    0.244708
      5151   3541.11  -446.191     5.15446    0.764143
      5161   3274.38  -298.679     4.85093    0.255701
      5171   3310.45  -346.291     4.89711    0.263251
      5181   3347.48  -389.815     4.95189    0.262823
      5191   3368.28  -411.765     4.98266    0.262394
      5201   3391.72  -433.256     5.01733    0.261966
      5211   3374.84   -416.73     4.99236    0.261535
      5221   3485.48  -390.629     5.00069       1.439
      5231   3262.74  -261.506      4.8123    0.271936
      5241   3230.17  -221.701     4.76427    0.271479
      5251   3227.61  -210.928     4.76752     0.26053
      5261   3230.19  -203.707     4.77133    0.260125
      5271   3242.44  -215.209     4.78943    0.259738
      5281    3219.6  -202.343     4.76273     0.25347
      5291   3212.91  -193.819     4.75283      0.2531
      5301   3233.65  -203.867     4.78351    0.252733
      5311   3415.86  -211.172     5.04559    0.258818
      5321   3397.82  -189.805     5.02636     0.24621
      5331   3448.71  -234.753     5.10164    0.245805
      5341   3466.63  -268.251     5.13574    0.236993
      5351   3405.13  -219.453     5.05213    0.236858
      5361   3384.49  -196.543      5.0215    0.236416
      5371   3378.44  -188.051     5.01998    0.230356
      5381   3375.91  -181.295     5.01621    0.229942
      5391   3438.51   -241.57     5.10922    0.229554
      5401   3461.61  -260.337     5.13593     0.24131
      5411   3350.16  -235.326     4.97057    0.240954
      5421   3354.31  -248.722     4.96935    0.248875
      5431   3379.68    -283.1     5.00693    0.248543
      5441   3404.99  -308.907     5.04443    0.248234
      5451   3464.29  -375.309      5.1399     0.23972
      5461   3507.16  -414.305      5.2035    0.239423
      5471   3332.15  -77.6682      4.8083     1.23306
      5481   3336.61  -233.537     4.95781    0.227847
      5491   3316.32  -190.194     4.92036     0.23638
      5501   3444.44  -312.016     5.11044    0.236017
      5511   3397.64  -316.037     5.04101    0.235645
      5521   3282.68  -202.952     4.87045    0.235248
      5531   3252.49  -176.727     4.82565    0.232816
      5541   3356.18  -281.861     4.97949     0.23237
      5551   3400.94  -319.878     5.04591    0.231917
      5561   3383.86  -298.655     5.02057    0.231466
      5571   3349.73  -266.079     4.96993    0.231019
      5581   3327.31  -249.569     4.94399    0.225936
      5591   3335.81  -255.148     4.95663    0.225537
      5601   3359.38  -290.724     4.99165    0.224196
      5611   3417.03  -334.073     5.07732    0.223826
      5621   3458.24  -377.476     5.13854    0.223482
      5631   3532.98  -284.177     5.07613    0.897626
      5641   3408.66  -305.177     5.04239    0.241184
      5651   3383.22   -273.19     5.00476    0.240809
      5661   3396.92  -275.155     5.02503    0.240441
      5671    3406.2   -277.23     5.03876    0.240074
      5681   3360.68  -235.449     4.97142    0.239694
      5691   3323.83  -205.053      4.9169      0.2393
      5701   3325.52  -216.745      4.9194      0.2389
      5711   3335.31  -172.991     4.93389    0.238505
      5721    3245.5  -77.4155     4.79394    0.243881
      5731   3229.76  -76.1479     4.77776    0.238915
      5741   3296.31  -147.924      4.8762    0.238542
      5751   3335.91  -185.707     4.93478    0.238186
      5761   3316.52  -160.008     4.90609    0.237836
      5771   3328.48  -166.222     4.92378    0.237485
      5781   3371.92  -207.321     4.98805    0.237134
      5791   3377.55  -213.731     4.99638    0.236791
      5801      3457  -375.322     5.05409     1.00059
      5811   3421.34  -283.265     5.06116    0.236133
      5821   3426.79  -296.037     5.06922    0.235804
      5831   3423.97  -292.441     5.06504     0.23547
      5841   3429.56  -294.569     5.07331     0.23513
      5851    3452.1  -315.115     5.10665    0.234793
      5861   3669.92  -151.087     5.20555     2.52274
      5871   3516.87   -379.19     5.20248    0.234168
      5881   3567.59  -432.221      5.2697    0.238219
      5891   3569.69  -441.193      5.2728    0.237947
      5901   3502.63   -371.28     5.17375    0.237691
      5911   3341.21  -322.806     4.92804    0.242087
      5921   3319.74  -299.381     4.89637    0.241772
      5931   3286.91  -258.766     4.84081    0.249975
      5941   3246.17  -217.445     4.78081    0.249601
      5951   3376.77  -274.713     4.85866    0.928566
      5961   3312.84  -268.224     4.87182     0.25363
      5971   3385.74  -338.873     4.97903    0.258965
      5981   3436.94   -385.32     5.05432     0.25853
      5991   3439.85  -390.304     5.06606    0.253898
      6001   3394.64  -340.549     4.99946    0.253493
      6011   3376.67   -296.76     4.96569    0.257293
      6021   3333.11  -237.809     4.90163     0.25691
      6031   3323.65  -214.508     4.89492    0.249695
      6041   3376.88  -133.752     4.98065    0.757502
      6051   3420.43  -260.965     5.04488    0.244383
      6061   3421.49  -268.297     5.04644    0.244047
      6071    3399.9  -218.425      5.0146    0.753795
      6081    3437.5  -261.405     4.94604    0.930939
      6091   3430.84  -264.827     5.05278    0.247609
      6101   3444.36  -272.338     4.96306    0.911259
      6111   3436.31  -261.624     4.95145    0.910287
      6121   3467.97  -288.068     4.98989    0.924561
      6131    3318.3  -156.124     4.88705    0.825233
      6141   3330.18  -164.283     4.90453    0.863806
      6151   4481.65   -29.539     6.34795     2.52356
      6161   3388.62    -211.6      4.9906    0.861159
      6171   3414.35  -214.339      5.0285    0.859878
      6181   3478.22  -269.986     5.12256    0.858659
      6191   3536.67   -325.05     5.20864    0.857462
      6201   3516.31  -287.682     5.18629    0.240744
      6211   3307.33  -194.158     4.87089     0.85511
      6221   3274.95  -146.956      4.8232    0.853934
      6231   3350.89  -203.802     4.93504    0.852754
      6241   3438.68  -278.461     5.06433    0.851578
      6251   3516.92  -349.891     5.17194    0.887204
      6261   3514.95  -355.548     5.16904    0.886014
      6271   3452.82  -294.674     5.07768    0.884829
      6281   3468.32  -299.921     5.10047    0.883642
      6291   3396.36  -207.552     4.99465     0.88245
      6301   3302.39  -87.7544     4.84932    0.923783
      6311   3723.89  -195.004     5.28962     2.39209
      6321   3436.36  -87.6924     5.02392     1.03535
      6331   3461.55  -104.064     5.06074     1.03402
      6341   3873.51  -233.077     5.49434     2.37715
      6351   3927.35  -238.914     5.56282     2.38845
      6361   3997.55   -266.85     5.67029     2.36982
      6371    3968.4  -149.562     5.61301     2.40949
      6381   4081.03  -209.076      5.7887     2.39632
      6391   3921.01  -45.1042     5.56172     2.39311
      6401   3889.67  -117.787     5.51726     2.38995
      6411   3475.96  -256.246     5.08182     1.02621
      6421   3542.06   -240.95     5.01709     2.39889
      6431   3537.84  -273.299     5.02534     2.34355
      6441   3534.48   -249.92     5.15983     1.05846
      6451   3471.16  -162.537        5.06     1.09891
      6461    3781.5  -324.833      5.3791     2.31303
      6471    3513.2  -262.868     4.99745      2.3103
      6481   3790.03  -324.856      5.3989     2.26102
      6491   3874.88  -404.874     5.53554     2.22753
      6501   3544.83  -96.9857        5.13     1.27307
      6511   3445.22  -71.4346     4.98585     1.27172
      6521   3585.67  -300.672     5.10779      2.2482
      6531   3477.84  -321.721     4.95419     2.24543
      6541   3489.29  -70.0419     5.04232     1.30178
      6551   3490.68  -330.388     4.98669     2.21062
      6561   3610.66  -185.394     5.21772     1.29898
      6571   3568.99  -314.281     5.09856     2.22916
      6581   3602.97  -310.163     5.13976     2.25984
      6591   3677.72  -312.641     5.24639       2.257
      6601   3648.62   -203.76     5.28785     1.21809
      6611   3579.32  -279.547     5.09874      2.2702
      6621   3479.02  -184.464     5.03476     1.25502
      6631   3782.37   -325.42     5.39568     2.20588
      6641   3503.79  -296.159     5.00542     2.16901
      6651   3417.87  -251.124     4.87571     2.18035
      6661   3481.16  -250.458     4.96599     2.17754
      6671   3747.78    -329.2     5.36163     2.10634
      6681   3823.42  -204.616     5.46985     2.09996
      6691   3613.42  -186.591     5.16941     2.09717
      6701   3660.75  -285.063     5.25969     2.01117
      6711   3457.87  -283.254     4.96821     2.00844
      6721   3472.33  -318.897     4.98898     2.00569
      6731   3518.58  -357.869      5.0627     2.00579
      6741   3618.54  -417.456     5.21404     1.96956
      6751   3988.64  -395.752     5.74732     1.96691
      6761   3650.69  -180.071     5.26795     1.93097
      6771   3598.12  -289.219     5.19209      1.9284
      6781   3534.12  -330.379     5.09974     1.92376
      6791   3483.64   -309.86     5.02689     1.92115
      6801   3530.76  -295.369     5.08755     1.95157
      6811   3544.14  -212.418     5.09948     1.94465
      6821   3854.84  -316.522     5.53856     1.96961
      6831    3734.5  -278.847     5.35797     1.97932
      6841   3616.36   -313.29     5.19592     1.94123
      6851   3602.38  -375.705     5.17584      1.9386
      6861   3549.35  -394.634     5.10699     1.90349
      6871   3477.97  -319.525     5.01148     1.88477
      6881   3425.83  -221.171     4.92217     1.93777
      6891   3345.87  -151.467     4.82114     1.90517
      6901   3383.53  -224.212     4.86839     1.93352
      6911   3518.27   -314.67     5.05499     1.96213
      6921   3498.85  -322.869     5.02709     1.95943
      6931   3559.84  -224.402     5.09276     1.49046
      6941   3748.59  -355.287     5.40922     1.94275
      6951   3671.07  -345.185     5.28973     1.95386
      6961   3388.37  -417.243     4.89649     1.97064
      6971   3399.72  -400.613        4.92      1.9495
      6981    3398.7  -423.619     4.92565      1.9346
      6991   3415.15   -449.07     4.95668     1.91818
      7001   3451.71  -459.387     5.01702     1.88435
      7011   3567.72  -341.603     5.08222     1.57642
      7021   3464.68  -287.632     5.03587     1.87741
      7031   3335.37  -273.477     4.85497     1.87742
      7041   3683.78  -367.074     5.36995     1.86199
      7051   3226.02  -360.174     4.71641     1.81115
      7061   3200.17  -351.914     4.68547     1.77428
      7071   3238.57  -397.974     4.73475     1.79035
      7081   3229.21  -392.008     4.72107     1.78779
      7091   3222.15  -381.438     4.70387     1.80023
      7101   3246.42  -396.512     4.74623     1.78474
      7111   3494.84  -336.677      5.1169    0.773258
      7121   3568.42  -191.971     5.04014     1.75435
      7131   3497.78  -379.749     5.13623      0.7641
      7141   3276.43  -224.937     4.79711     1.76097
      7151   3308.06  -245.411     4.84342     1.75865
      7161   3326.09  -243.173     4.86271     1.75774
      7171   3342.24  -237.382     4.87918     1.76828
      7181    3284.9  -242.469     4.80248     1.76855
      7191   3308.91  -268.515     4.83759     1.76625
      7201   3305.07  -270.555     4.83197     1.76395
      7211   3291.48   -189.58     4.81211     1.79476
      7221   3256.43  -171.351     4.76087     1.79236
      7231   3533.51  -344.787     5.21167    0.731807
      7241   3689.86  -164.411     5.18967     1.82403
      7251   3510.53  -306.393     5.17777    0.723508
      7261   3470.87  -272.406     5.11927    0.722551
      7271   3434.91   -383.13      5.0218      1.7593
      7281   3363.04  -174.454     4.96024     0.71337
      7291   3378.77  -322.933     4.93251     1.78486
      7301   3346.01   -164.29     4.92785    0.724778
      7311   3354.28  -212.245     4.91109     1.77114
      7321   3367.82  -226.338     4.92371     1.79958
      7331   3509.33  -247.945     5.16077    0.724477
      7341   3400.98  -172.478      5.0162    0.711406
      7351   3378.08  -271.667     4.93151     1.82249
      7361   3461.89  -240.709     5.11358     0.70654
      7371   3379.63  -273.818     4.94098     1.78376
      7381   3315.51   -214.19     4.84723     1.78155
      7391   3405.91  -152.703     5.02347     0.70571
      7401   3409.81  -121.921     5.01442    0.716457
      7411   3453.49  -227.861     5.05636     1.77756
      7421   3444.75  -166.984     5.06581    0.714734
      7431    3486.2  -222.383     5.13432    0.706362
      7441   3536.92  -279.257     5.20901    0.705545
      7451   3353.64  -153.395     4.92458     1.73878
      7461   3543.14  -277.793     5.20285    0.734559
      7471   3558.07   -285.27     5.22477    0.733704
      7481   3569.77  -304.277     5.24967    0.717478
      7491   3556.37   -286.67     5.22996    0.716609
      7501   3591.81  -313.715     5.28207    0.715723
      7511   3481.51  -377.913     5.11234    0.727986
      7521   3451.23  -351.876     5.06788    0.727062
      7531   3365.65  -266.142     4.93497    0.735035
      7541   3356.86  -259.134     4.92931    0.734873
      7551   3382.09  -281.508     4.96636    0.733976
      7561    3359.3  -253.388     4.93289     0.73311
      7571   3303.97  -200.894     4.85878    0.733309
      7581   3346.33  -136.514     4.87803    0.241202
      7591   3335.59  -274.707     4.90528    0.730385
      7601   3309.19  -244.825     4.87363    0.722929
      7611   3491.78  -237.875     5.14254     1.66446
      7621   3435.82  -282.136     5.06758    0.715202
      7631   3451.63  -212.306      5.0909     1.63125
      7641   3511.83  -378.896     5.17969    0.722085
      7651   3509.21  -368.564      5.1682    0.734962
      7661   3467.17  -320.237     5.10628    0.722853
      7671   3448.07  -304.133     5.07816    0.721892
      7681   3423.57  -277.659     5.04208    0.720936
      7691   3350.56  -195.642     4.93454    0.716909
      7701   3314.24   -154.86     4.87388    0.730416
      7711   3376.89  -127.911     4.98066    0.713443
      7721   3400.69  -141.759     5.00838    0.716527
      7731   3391.69  -138.928     4.99512    0.715694
      7741   3385.02  -135.686      4.9853    0.714872
      7751   3445.32  -204.644     5.08159    0.708035
      7761   3548.42  -321.124     5.23365    0.719754
      7771   3533.81   -314.75     5.22753    0.689181
      7781   3467.75  -255.387     5.12981    0.688433
      7791    3457.1  -250.086     5.11406     0.68769
      7801   3472.02  -253.492     5.12854    0.700575
      7811   3331.56  -207.176     4.92106    0.716178
      7821   3293.78  -183.555     4.86525    0.721202
      7831    3318.4  -233.503     4.90162    0.736987
      7841   3505.39  -307.624     5.07292    0.265087
      7851   3367.53  -273.566     4.96686    0.724859
      7861    3334.5  -262.296     4.93269    0.707225
      7871   3329.03  -243.275     4.91732    0.718884
      7881   3333.07  -244.444      4.9233     0.71827
      7891   3357.51  -270.619     4.95208    0.723387
      7901   3379.16  -289.391     4.99876    0.690716
      7911    3402.6  -312.417     5.04089    0.677186
      7921   3375.82  -282.502     4.99382    0.679465
      7931   3269.62  -169.026     4.83672    0.678719
      7941   3277.38  -153.795     4.84103    0.681833
      7951    3275.4  -151.816     4.83811    0.681119
      7961   3239.71  -102.876      4.7713    0.709961
      7971   3389.04  -327.571     4.94751     1.80972
      7981   3379.53  -207.119     4.96989    0.721034
      7991   3392.85  -205.905     4.98217     0.72596
      8001   3362.21   -192.67      4.9517    0.704982
      8011   3464.87  -230.925     5.10289    0.704125
      8021      3498  -254.366     5.14412    0.716506
      8031   3449.75  -207.988     5.07316    0.715632
      8041    3462.6  -215.011     5.08458    0.717098
      8051   3491.87    -242.4     5.12005    0.720641
      8061   3472.83  -236.109      5.1071    0.718209
      8071    3505.6  -259.905      5.1553    0.717377
      8081   3345.17  -315.388     4.88346     1.78108
      8091   3413.13  -364.907      4.9754     1.80697
      8101   3452.43  -398.168     5.02538     1.83116
      8111   3406.39  -264.529     5.01677    0.700766
      8121   3378.25  -237.921     4.97533    0.699924
      8131   3366.04  -222.686     4.95735     0.69908
      8141   3398.88  -248.561     5.00572    0.698231
      8151   3464.83  -259.916     5.08785    0.712942
      8161   3474.27  -274.822     5.10922    0.707718
      8171   3532.95  -326.808     5.18789      0.7119
      8181   3414.48  -226.151     4.98464    0.245802
      8191   3555.96  -306.004     5.21402    0.713194
      8201    3467.5  -211.519     5.09177    0.707766
      8211   3336.21  -126.863     4.89899    0.706874
      8221   3376.75  -151.511     4.90094     1.86556
      8231   3396.69  -175.769     4.98048    0.712727
      8241    3469.4  -228.571      5.0871    0.713539
      8251   3509.05  -243.192      5.1377    0.719307
      8261   3528.94  -244.308     5.15174    0.742163
      8271   3494.46  -202.989      5.1014    0.741375
      8281   3456.79   -148.77     5.03905     0.74502
      8291   3535.26  -297.254     5.12356     1.88779
      8301   3580.93  -281.202     5.22001    0.736369
      8311   3462.02  -304.208     5.03932    0.750016
      8321   3195.56  -290.165     4.55857     1.40236
      8331   3389.49  -162.584     4.91231     1.90665
      8341   3491.57  -328.042     5.07496    0.752592
      8351   3171.41    40.687     4.53059     1.36735
      8361   3522.61  -270.724     5.09048     1.93964
      8371   3453.42   -283.09     5.01222    0.762421
      8381   3443.57  -276.607     4.99793    0.761651
      8391    3533.9   -257.17     5.10679     1.96165
      8401   3577.92  -291.452     5.17041     1.95918
      8411   3552.82  -309.278        5.09      1.3014
      8421   3490.95  -293.552     5.04472     1.95429
      8431   3420.19  -315.404     4.98569    0.743243
      8441    3434.4  -328.543     5.00641    0.742399
      8451    3396.7  -291.564     4.96594    0.717973
      8461   3428.25  -320.565     5.01206    0.717181
      8471    3475.6  -371.917     5.08128    0.707109
      8481   3890.74  -382.171     5.57413     1.29058
      8491   3541.57  -416.848     5.17773    0.706334
      8501   3531.03  -398.736     5.15479    0.710633
      8511   3093.75  -356.569     4.43867     1.25681
      8521   3371.77  -321.304     4.91511    0.713841
      8531   3364.86  -300.118     4.90504    0.713142
      8541   3151.56  -489.806     4.52811     1.25448
      8551   3359.51  -253.303       4.883    0.721115
      8561   3120.51  -452.672     4.48349     1.25176
      8571   3269.01   -198.39     4.76533     0.70133
      8581   3635.87  -365.895     5.20153     2.02151
      8591   3019.82  -378.087     4.33882     1.24751
      8601   3104.72  -378.579      4.4608     1.24605
      8611   3439.64  -420.149     5.01406    0.709964
      8621   3401.09  -59.2614     4.87262     2.00125
      8631   3387.95  -324.053     5.00435    0.206336
      8641   3339.39  -315.836     4.93993    0.201127
      8651   3542.67  -449.543     5.14175    0.726317
      8661    3449.9  -351.495      5.0144    0.714444
      8671   3437.09  -393.848     5.08445    0.200902
      8681   3416.46  -307.312     4.89464      1.2884
      8691   3390.66  -364.869     5.03065    0.193317
      8701   3523.14  -228.824     5.04026     2.00546
      8711   3312.25  -274.074     4.75215      1.2863
      8721    3387.3  -339.965     5.01823    0.195799
      8731   3416.92  -349.487     5.06211    0.195679
      8741   3479.06  -410.869      5.1618    0.193224
      8751   3449.38  -281.343     4.98465    0.741982
      8761    3465.7  -403.011     5.14199    0.192847
      8771   3371.42  -316.255      4.9947    0.198262
      8781   3336.57  -284.133     4.94307    0.198061
      8791   3440.42  -261.969     4.96453    0.761964
      8801   3336.89  -257.712     4.94354     0.19769
      8811   3347.82  -305.197     4.81009     1.26911
      8821   3376.57  -246.256     5.00232    0.197319
      8831   3592.11  -287.186     5.18342     1.21734
      8841   3416.27  -338.104     4.92259     1.24152
      8851   3351.26  -209.453     4.96484     0.19676
      8861   3413.59  -273.716     5.05717    0.196582
      8871   3475.09  -332.383     5.14067    0.199345
      8881   3512.15  -349.599     5.18782    0.203262
      8891   3487.15  -320.707     5.15089    0.203086
      8901    3422.5  -257.905      5.0554    0.202916
      8911   3401.27  -276.155     5.03146    0.199845
      8921    3374.1  -251.991     4.99127    0.199696
      8931   3381.96  -332.688     4.89429     1.17769
      8941   3325.04  -222.315      4.9333    0.187292
      8951   3314.84  -216.249     4.91816    0.187154
      8961   3363.66  -267.035     4.99059    0.187021
      8971   3405.79  -308.233     5.06061    0.187103
      8981    3428.8  -310.748      5.0948    0.186966
      8991   3445.82  -331.102     5.12009    0.186811
      9001   3405.38   -288.43      5.0525    0.194543
      9011   3344.93  -248.256     4.95546     0.19731
      9021   3330.62  -266.538     4.94892    0.188381
      9031   3336.24  -282.769     4.95727    0.191325
      9041   3361.84  -305.051     4.98789    0.197058
      9051   3371.41  -308.095      5.0021    0.196819
      9061      3385  -323.554     5.02971    0.193903
      9071   3395.82  -340.453      5.0458    0.193681
      9081   3331.11  -284.965     4.94965    0.193469
      9091    3231.5  -195.638     4.80163    0.193259
      9101    3182.6   -153.77     4.72897    0.193054
      9111   3446.11  -243.608     5.11292    0.199345
      9121   3525.26  -357.605     5.24592    0.191632
      9131   3533.16  -375.152     5.25767    0.191418
      9141   3499.83   -341.72     5.20808    0.191202
      9151   3472.16  -307.493     5.16691    0.190983
      9161   3430.84  -254.236     5.10541    0.190764
      9171   3396.38   -212.51     5.05414    0.190547
      9181   3526.36  -274.613     5.10326     1.17464
      9191   3357.63  -176.218     4.99648    0.190119
      9201   3677.86  -238.464     5.32251     1.17208
      9211   3376.63  -129.438     5.01728    0.194478
      9221   3360.88  -416.034     4.86379     1.16935
      9231   3459.53  -368.645     5.02108     1.11776
      9241   3299.95  -332.847     4.79644     1.09213
      9251   3364.09  -429.943     4.88967     1.09092
      9261   3640.85  -474.818     5.29194     1.08971
      9271   3401.95  -478.378      4.9447     1.08852
      9281    3433.5  -507.778     4.99055     1.08734
      9291   3669.22  -475.016     5.32542     1.11078
      9301   3342.09  -373.826     4.85064     1.10958
      9311   3360.98  -274.399     4.87805     1.10838
      9321   3616.69  -285.472     5.24918     1.10716
      9331    3472.1  -133.209     4.99583     1.98743
      9341    3749.5  -331.456     5.43405     1.13003
      9351   3456.52  -344.481     5.00945      1.1288
      9361   3373.12  -318.843     4.88858     1.12754
      9371   3420.55  -332.096     4.95014     1.15014
      9381   3616.86  -373.991     5.22667     1.17542
      9391   3619.21  -379.397     5.23008      1.1741
      9401   3502.06  -399.823      5.0681     1.14954
      9411   3423.43  -411.333     4.95431     1.14824
      9421   3391.23  -393.614     4.90771     1.14692
      9431   3425.33   -419.95     4.95706     1.14561
      9441    3531.8  -273.021     5.07443     1.97049
      9451   3465.92  -311.626      5.0158     1.14302
      9461    3568.5  -307.723     5.16425     1.14174
      9471    3394.3  -340.839     4.91928     1.11566
      9481   3388.76  -387.467     4.91124     1.11447
      9491   3396.09  -416.339     4.92901     1.08785
      9501    3409.9  -434.789     4.94905     1.08675
      9511   3437.13  -413.931     4.98857     1.08567
      9521   3368.45  -324.286     4.88889     1.08459
      9531   3287.08  -199.812     4.76388     1.10846
      9541   3231.16  -129.275     4.68285     1.10735
      9551   3314.29  -247.878     4.80332     1.10623
      9561   3437.41  -391.803     5.08493    0.204835
      9571   3292.44  -227.122     4.76475      1.1272
      9581   3505.88  -316.275      5.0663     1.14882
      9591   3654.65  -364.792     5.28128     1.14762
      9601   3402.43  -315.486     4.91681     1.14644
      9611   3398.26  -297.792     4.91078      1.1453
      9621   3519.81  -235.715      5.0355     1.95158
      9631   3455.87  -347.053      5.0085     1.09356
      9641    3334.1  -193.689     4.91031    0.214769
      9651   3532.11  -291.355     5.12643     1.06886
      9661    3298.8  -170.602     4.85833    0.214215
      9671   3443.38  -148.517      4.9051     1.99361
      9681    3469.5  -363.123     5.02826      1.0928
      9691   3413.83   -338.27     4.94758     1.09192
      9701   3402.72   -330.35     4.93864     1.06454
      9711      3425   -274.72     4.97097     1.06366
      9721   3447.17  -264.081     5.00316     1.06275
      9731   3543.26  -301.185     5.12773     1.11111
      9741   3560.39  -256.619     5.15252      1.1101
      9751   3576.22  -164.209     5.17542     1.10907
      9761   3528.31  -16.0884     5.09872     1.13039
      9771   4200.85  -176.228     6.06184     1.15289
      9781   4096.18  -224.649     5.91079     1.15192
      9791    4112.4  -149.772      5.9342     1.15096
      9801   3560.15   -304.86     5.08592     1.93076
      9811   3325.11  -219.947     4.80507      1.1231
      9821   3409.39  -324.398     4.93399     1.12376
      9831   3521.72  -413.127     5.09656     1.14739
      9841   3410.54  -240.838      4.8722     1.93605
      9851   3587.05  -418.711     5.19862     1.12299
      9861    3362.1  -205.556       4.803     1.93133
      9871   3476.06  -269.452     5.03047      1.1446
      9881   3471.95  -314.621     4.95285     1.93531
      9891   3449.62  -304.506     4.99945     1.12061
      9901    3437.1  -292.722      4.9813     1.11963
      9911   3570.84  -369.934     5.16764     1.14506
      9921   3515.87  -266.258     5.08809     1.14406
      9931   3527.13  -210.024     5.10438     1.14306
      9941   3434.63  -260.677     5.06582    0.202967
      9951   3525.57  -120.529     5.10952     1.11879
      9961    3513.5  -192.158     5.09203     1.11787
      9971   3561.18  -219.727      5.0729     1.92359
      9981   3658.46  -274.968     5.29444     1.13795
      9991   3319.14  -177.405     4.81733    0.677437
