7.60392 23.123 
8.93525 15.7299 
1.93252 -22.8402 
31.6078 69.8994 
-115.285 -22.5181 
-27.2275 17.5999 
97.6757 -11.0036 
-46.8626 68.4879 
43.6813 71.2519 
47.4924 22.1328 
-4.37986 83.151 
22.9023 32.6051 
8.28168 72.2403 
50.6578 55.5742 
7.68903 -76.1163 
-77.9082 -70.2911 
-31.7397 -3.03862 
16.3679 -1.3812 
19.2238 22.8695 
134.512 -144.093 
-94.1111 16.2669 
19.9355 66.8277 
43.7164 7.85908 
-24.518 42.357 
10.7813 -109.802 
-15.8661 64.0236 
61.8508 -7.38808 
14.3164 -12.3205 
-10.9247 -0.584894 
-0.992708 7.99966 
-16.2364 -27.3148 
-39.6072 -24.6991 
-106.838 -42.6528 
55.0732 -40.9734 
49.8802 -47.4899 
-83.8181 0.986063 
-18.1777 46.8996 
32.492 -49.253 
-0.335868 -3.6639 
-15.3338 -4.72322 
-18.2688 -3.72503 
12.7929 54.6177 
-37.2853 55.3563 
-2.59822 -23.836 
-21.5171 -20.7988 
-41.1572 -13.3012 
-34.4725 -15.5713 
-57.1741 -60.0425 
-16.6295 -52.4737 
45.0216 21.9959 
3.77179 -31.2214 
-16.4889 -18.0133 
-3.68938 -8.58572 
62.5237 3.19489 
81.5636 -24.9043 
10.2725 109.709 
130.822 -33.0625 
118.612 36.9532 
-52.2564 4.28115 
-54.8417 -39.9713 
32.7352 19.407 
-116.521 3.83665 
38.6133 -16.5573 
33.5 12.2169 
4.33708 -19.2287 
-24.9786 0.804789 
17.345 24.5754 
-10.78 4.81457 
-44.3469 78.5195 
-31.6643 -37.8561 
-19.0391 35.0787 
54.877 99.7259 
-9.47158 -52.7889 
-27.7438 72.8064 
18.4232 -3.88285 
-26.5131 8.90874 
44.2551 -29.0968 
-9.27263 -18.2834 
55.0645 -24.005 
-0.720097 -123.249 
63.2422 -26.6005 
23.5019 -44.7173 
82.7869 -33.2257 
39.0263 -22.559 
86.4413 -75.6763 
-48.6474 44.1061 
-33.1096 8.73313 
43.4418 47.2107 
-11.3282 -69.5608 
-56.7504 -3.71002 
22.4238 -43.6565 
35.2882 -114.778 
10.9881 -41.7112 
74.3466 50.5945 
11.8208 83.0376 
-32.1422 96.0562 
-15.5891 -12.2223 
-57.7115 -15.3663 
31.5849 -30.3999 
-49.9785 25.9278 
-89.3739 11.0011 
-10.7682 -116.522 
-30.3784 14.4359 
-20.8224 6.32398 
33.7069 19.594 
17.4376 -14.0823 
-14.3388 13.3711 
1.72999 -39.9798 
4.66363 70.2874 
47.9955 35.5622 
-39.7864 58.6504 
-47.9774 57.1381 
19.2123 -18.1891 
4.27314 34.5604 
-26.1368 -82.4179 
-43.275 -41.3033 
-25.1914 -19.6553 
-2.46498 -11.1533 
-10.5705 31.2902 
18.6466 121.131 
-57.5981 40.9234 
55.8811 -19.6 
-76.0003 15.1918 
-39.805 8.59227 
81.4017 -46.7737 
0.926249 -34.839 
36.1753 51.0171 
-53.6269 73.0881 
10.0113 -18.1962 
-13.416 -14.3419 
-40.2059 -1.02186 
40.0459 40.0704 
-3.8218 -24.4226 
-8.75134 10.9407 
-9.42649 57.084 
-4.3975 -0.390301 
-7.4943 -6.08486 
-16.3301 -8.80583 
-105.26 -11.9139 
-11.2646 -32.9828 
-51.7393 -82.377 
50.2016 -51.1707 
43.281 32.9227 
31.4485 9.48119 
