        2.2e-13    2.25834e-20   -1.76106e-19        11.3591    1.64682e-10
        4.2e-13    2.77126e-20   -1.81234e-19         13.939      3.368e-10
        6.2e-13    3.67201e-20   -1.90252e-19        18.4697    5.54626e-10
        8.2e-13    4.34848e-20   -1.97024e-19        21.8722     8.1238e-10
       1.02e-12    5.18697e-20   -2.05406e-19        26.0896    1.04048e-09
       1.22e-12    6.82402e-20   -2.21786e-19        34.3237    1.23073e-09
       1.42e-12    7.94962e-20   -2.33067e-19        39.9853    1.44362e-09
       1.62e-12    7.88722e-20   -2.32423e-19        39.6715    1.66402e-09
       1.82e-12    9.37071e-20   -2.47279e-19        47.1332    1.82646e-09
       2.02e-12    1.05862e-19    -2.5945e-19         53.247    1.97213e-09
       2.22e-12    1.07539e-19   -2.61107e-19        54.0904    2.13604e-09
       2.42e-12    1.11943e-19   -2.65507e-19        56.3055    2.31323e-09
       2.62e-12    1.09792e-19    -2.6332e-19        55.2236     2.4844e-09
       2.82e-12    1.35125e-19   -2.88725e-19        67.9658    2.62173e-09
       3.02e-12    1.32994e-19   -2.86566e-19         66.894    2.78989e-09
       3.22e-12    1.28369e-19    -2.8196e-19        64.5678    2.94105e-09
       3.42e-12    1.43403e-19   -2.97035e-19        72.1296     3.0294e-09
       3.62e-12    1.31255e-19   -2.84848e-19        66.0194    3.09302e-09
       3.82e-12    1.35724e-19   -2.89351e-19         68.267    3.13239e-09
       4.02e-12    1.36469e-19    -2.9011e-19        68.6419    3.18673e-09
       4.22e-12    1.36738e-19    -2.9038e-19         68.777     3.2734e-09
       4.42e-12    1.42352e-19    -2.9596e-19        71.6006    3.32242e-09
       4.62e-12    1.43362e-19   -2.96963e-19        72.1087    3.36678e-09
       4.82e-12    1.39986e-19   -2.93613e-19        70.4108    3.46267e-09
       5.02e-12    1.43484e-19   -2.97147e-19        72.1701     3.5942e-09
       5.22e-12    1.34523e-19   -2.88114e-19        67.6631    3.70706e-09
       5.42e-12    1.47187e-19    -3.0079e-19        74.0329     3.7875e-09
       5.62e-12    1.39414e-19   -2.92962e-19        70.1231    3.88151e-09
       5.82e-12    1.46623e-19   -3.00178e-19        73.7489    3.97204e-09
       6.02e-12    1.41903e-19   -2.95522e-19        71.3751     4.0894e-09
       6.22e-12    1.43966e-19   -2.97641e-19        72.4128    4.22373e-09
       6.42e-12    1.42207e-19   -2.95859e-19        71.5281    4.33578e-09
       6.62e-12    1.38763e-19   -2.92369e-19        69.7956     4.4273e-09
       6.82e-12    1.40578e-19   -2.94176e-19        70.7085    4.49048e-09
       7.02e-12     1.4371e-19   -2.97355e-19        72.2838    4.53076e-09
       7.22e-12    1.45456e-19   -2.99098e-19        73.1622    4.60918e-09
       7.42e-12    1.38032e-19     -2.915e-19         69.428    4.71178e-09
       7.62e-12    1.51267e-19   -3.04929e-19        76.0848    4.82805e-09
       7.82e-12    1.39031e-19   -2.92628e-19        69.9303    4.94915e-09
       8.02e-12    1.43818e-19   -2.97368e-19         72.338    5.03397e-09
       8.22e-12    1.48195e-19   -3.01846e-19        74.5396    5.11619e-09
       8.42e-12    1.41523e-19   -2.95083e-19        71.1837    5.18708e-09
       8.62e-12    1.49325e-19   -3.02925e-19        75.1082    5.26142e-09
       8.82e-12    1.51534e-19   -3.05168e-19        76.2194    5.33114e-09
       9.02e-12    1.45261e-19   -2.98886e-19         73.064    5.39919e-09
       9.22e-12    1.53824e-19   -3.07429e-19        77.3711    5.45967e-09
       9.42e-12    1.62653e-19   -3.16293e-19         81.812    5.54407e-09
       9.62e-12    1.50306e-19   -3.03908e-19        75.6016    5.60576e-09
       9.82e-12    1.60839e-19   -3.14454e-19        80.8993    5.66177e-09
      1.002e-11    1.59985e-19    -3.1362e-19        80.4697    5.74026e-09
      1.022e-11    1.61865e-19   -3.15443e-19        81.4157     5.8599e-09
      1.042e-11    1.49872e-19   -3.03471e-19        75.3831    5.98777e-09
      1.062e-11    1.65274e-19   -3.18878e-19        83.1303    6.11599e-09
      1.082e-11    1.71818e-19   -3.25405e-19        86.4215     6.2377e-09
      1.102e-11    1.65381e-19   -3.18944e-19         83.184    6.34639e-09
      1.122e-11    1.64764e-19   -3.18343e-19        82.8739    6.46792e-09
      1.142e-11    1.69686e-19   -3.23293e-19        85.3491    6.61321e-09
      1.162e-11    1.72222e-19   -3.25874e-19         86.625    6.72578e-09
      1.182e-11    1.69891e-19   -3.23549e-19        85.4523    6.83809e-09
      1.202e-11     1.6878e-19   -3.22457e-19        84.8935    6.93439e-09
      1.222e-11    1.53696e-19   -3.07259e-19        77.3064    7.00892e-09
      1.242e-11    1.61494e-19   -3.15145e-19        81.2288    7.07713e-09
      1.262e-11    1.58668e-19   -3.12296e-19        79.8077    7.15131e-09
      1.282e-11    1.67763e-19   -3.21356e-19         84.382    7.19945e-09
      1.302e-11    1.67718e-19   -3.21308e-19        84.3594    7.27037e-09
      1.322e-11    1.60429e-19   -3.14075e-19        80.6932    7.35046e-09
      1.342e-11    1.57416e-19   -3.11045e-19         79.178    7.41507e-09
      1.362e-11    1.63752e-19   -3.17392e-19        82.3646    7.47941e-09
      1.382e-11    1.70272e-19   -3.23929e-19         85.644    7.55023e-09
      1.402e-11     1.7706e-19   -3.30663e-19        89.0584    7.63836e-09
      1.422e-11    1.66953e-19   -3.20518e-19        83.9748    7.75997e-09
      1.442e-11    1.55247e-19     -3.089e-19         78.087    7.86647e-09
      1.462e-11     1.5886e-19   -3.12486e-19        79.9041     7.9294e-09
      1.482e-11     1.5861e-19   -3.12188e-19        79.7781    7.97129e-09
      1.502e-11    1.60433e-19    -3.1409e-19        80.6953    7.99513e-09
      1.522e-11    1.53931e-19   -3.07508e-19        77.4247    7.99572e-09
      1.542e-11    1.61257e-19   -3.14851e-19        81.1099    8.03289e-09
      1.562e-11    1.57252e-19   -3.10823e-19        79.0954    8.07188e-09
      1.582e-11    1.51661e-19   -3.05249e-19        76.2832    8.07109e-09
      1.602e-11    1.61259e-19   -3.14882e-19        81.1106    8.07266e-09
      1.622e-11    1.57217e-19   -3.10769e-19        79.0777    8.08713e-09
      1.642e-11    1.70579e-19   -3.24221e-19        85.7987    8.11221e-09
      1.662e-11    1.67317e-19   -3.20989e-19         84.158    8.16594e-09
      1.682e-11    1.65677e-19   -3.19267e-19        83.3328    8.24318e-09
      1.702e-11    1.70346e-19   -3.24036e-19        85.6813    8.30913e-09
      1.722e-11    1.68722e-19   -3.22304e-19        84.8647    8.38182e-09
      1.742e-11    1.50734e-19   -3.04179e-19        75.8169    8.43004e-09
      1.762e-11    1.60055e-19   -3.13564e-19        80.5054    8.40929e-09
      1.782e-11    1.64862e-19   -3.18492e-19        82.9229    8.39799e-09
      1.802e-11    1.73531e-19   -3.27193e-19        87.2831    8.39624e-09
      1.822e-11    1.68476e-19   -3.22155e-19        84.7409     8.4113e-09
      1.842e-11     1.7424e-19   -3.27895e-19        87.6398    8.42769e-09
      1.862e-11    1.61421e-19   -3.15051e-19        81.1923    8.45122e-09
      1.882e-11    1.74585e-19   -3.28247e-19        87.8135    8.48386e-09
      1.902e-11    1.77827e-19   -3.31498e-19         89.444    8.53062e-09
      1.922e-11    1.75573e-19   -3.29193e-19        88.3105    8.56225e-09
      1.942e-11    1.78316e-19   -3.31957e-19        89.6904    8.57598e-09
      1.962e-11    1.71037e-19   -3.24603e-19        86.0287     8.5886e-09
      1.982e-11    1.74221e-19   -3.27844e-19        87.6303    8.64372e-09
